   2.5409240722656250     
  -4.4922928810119629     
  -3.7501630783081055     
   3.2318396568298340     
  -2.2635378837585449     
  0.91526317596435547     
 -0.98259639739990234     
   1.7090072631835938     
  -2.5013918876647949     
   3.3123931884765625     
 -0.41067790985107422     
  -5.7357788085937500E-002
  -13.824991703033447     
 -0.46457147598266602     
  -3.8767027854919434     
   6.4456877708435059     
  -5.1370759010314941     
   1.3753557205200195     
   3.7858057022094727     
  -1.7388482093811035     
 -0.65489721298217773     
   1.3433785438537598     
  0.39309263229370117     
   2.9071054458618164     
  -4.0720663070678711     
  -1.0155601501464844     
   1.6795468330383301     
   6.3221731185913086     
  -5.0063257217407227     
   2.8854475021362305     
  -7.0488452911376953E-002
   1.4789214134216309     
   4.4491415023803711     
   8.9297184944152832     
  -2.0531277656555176     
  -4.7100157737731934     
   4.9596390724182129     
  0.86548042297363281     
  -1.6866788864135742     
  -5.8163461685180664     
  -3.1475844383239746     
   2.7368783950805664     
   2.8933396339416504     
  -1.4437737464904785     
  -5.2740650177001953     
   3.0013828277587891     
  -3.5582890510559082     
   2.0084047317504883     
  -2.5600514411926270     
   7.4240789413452148     
  -7.3168678283691406     
  -4.4090609550476074     
   5.1164994239807129     
 -0.78615760803222656     
  -2.7814326286315918     
  -3.3401536941528320     
  0.24303245544433594     
  -5.1358165740966797     
  0.51686811447143555     
  -4.8194031715393066     
  0.51889181137084961     
   3.2021708488464355     
 -0.92838621139526367     
  0.78438615798950195     
  -8.6243109703063965     
  -2.5928239822387695     
  -1.4071383476257324     
  -1.5761761665344238     
  -2.6128649711608887     
  -2.2109627723693848     
   4.5322785377502441     
  -3.8060221672058105     
   2.3559784889221191     
   3.1160030364990234     
  -3.1583871841430664     
   1.1958503723144531     
  -1.1111488342285156     
 -0.90099143981933594     
   3.2430305480957031     
 -0.19687223434448242     
  -2.6094183921813965     
  -8.2965207099914551     
   2.5892133712768555     
  -8.9150505065917969     
  0.97099876403808594     
  -2.2106652259826660     
   3.5520329475402832     
   3.2159128189086914     
  -1.9464211463928223     
  -1.2758841514587402     
  -3.5799822807312012     
 -0.57162809371948242     
  0.83524322509765625     
   2.1397628784179688     
   1.1647701263427734     
   2.4796581268310547     
   3.7880625724792480     
  -1.8296389579772949     
 -0.54744434356689453     
   3.2909221649169922     
