   3.9614820480346680     
 -0.97950315475463867     
   1.9149789810180664     
   5.4713110923767090     
  -1.2513880729675293     
   2.3019099235534668     
   4.5862007141113281     
  0.68241453170776367     
  -4.2230553627014160     
   3.5099091529846191     
   3.4239211082458496     
   2.2579159736633301     
  -14.812708854675293     
  -4.8383316993713379     
  -5.4544506072998047     
   11.438096046447754     
  -1.5369887351989746     
   4.2455277442932129     
  -9.0188326835632324     
  -1.1361975669860840     
   10.284763813018799     
  0.42911291122436523     
  -1.4655532836914062     
  0.85400819778442383     
  -2.2829499244689941     
   8.8980550765991211     
   4.0300555229187012     
   3.5063061714172363     
  -1.0593404769897461     
   7.8929424285888672E-002
  -1.0161666870117188     
  -4.3515543937683105     
   5.8129477500915527     
   6.6297883987426758     
   3.1767501831054688     
  -7.9697623252868652     
  -1.3860454559326172     
  -2.8236503601074219     
  -6.6933650970458984     
   1.0263171195983887     
 -0.33352518081665039     
  0.81290102005004883     
  0.82372283935546875     
  -3.2946667671203613     
  -3.0287117958068848     
   8.8609189987182617     
  -2.1197319030761719     
   2.0431575775146484     
   1.7601556777954102     
   5.3526897430419922     
  -8.9618248939514160     
  -9.0017094612121582     
   6.6758675575256348     
 -0.27911663055419922     
   5.2470278739929199     
  -6.8051133155822754     
  0.86897993087768555     
  -4.6518535614013672     
   4.6641740798950195     
  -2.8211202621459961     
   3.8701725006103516     
   6.3933005332946777     
  -1.4120841026306152     
   5.4650645256042480     
  -12.276490688323975     
   1.4230771064758301     
  -9.9184088706970215     
  -2.3114123344421387     
  -1.5611124038696289     
  -1.2055115699768066     
   5.3715391159057617     
   3.8650212287902832     
   5.7917685508728027     
   6.6608080863952637     
  -1.3980975151062012     
  -1.4310717582702637     
  -9.5929522514343262     
  -4.3887624740600586     
   2.4504656791687012     
 -0.61364078521728516     
  -1.0484261512756348     
  -6.5339460372924805     
   12.384864330291748     
  -5.1997275352478027     
  -1.3937296867370605     
   2.0295333862304688     
  0.75866556167602539     
 -0.68667650222778320     
  -2.5681643486022949     
   1.3102769851684570     
   2.2484474182128906     
   2.0649623870849609     
  0.20361614227294922     
  0.57860136032104492     
  -3.0727148056030273     
  -2.7215356826782227     
 -0.46469163894653320     
  0.35574531555175781     
  -2.5745491981506348     
   1.9345273971557617     
