   4.3140239715576172     
  -7.3879513740539551     
   3.4907031059265137     
   3.1005935668945312     
   6.4758009910583496     
   3.5845484733581543     
  -9.7070279121398926     
  -3.2072143554687500     
 -0.81064558029174805     
   2.2867660522460938     
  0.45252370834350586     
  -3.6068630218505859     
  -17.729728698730469     
  -6.8201599121093750     
  -11.680575370788574     
   13.359488487243652     
 -0.28044748306274414     
  -6.6952857971191406     
  -8.8833351135253906     
   4.5858612060546875     
   17.326853752136230     
   3.2577199935913086     
  -4.6784629821777344     
  -2.1094751358032227     
  -11.166069984436035     
   12.729813575744629     
   6.8130393028259277     
   7.4929566383361816     
  0.98333549499511719     
   7.7224502563476562     
  -1.9251112937927246     
  -10.525763988494873     
   4.2632236480712891     
   8.7969412803649902     
   10.953000068664551     
  -12.129675388336182     
  -2.6426458358764648     
  -4.1056060791015625     
  -8.1312866210937500     
  0.28795194625854492     
  -3.6411180496215820     
   4.4942030906677246     
   2.8960609436035156     
  -1.1269207000732422     
  -1.2777547836303711     
   5.6119971275329590     
  -4.3931932449340820     
   6.3543367385864258     
   4.1663165092468262     
   8.0973005294799805     
  -1.9060530662536621     
  -10.238756656646729     
   4.0174417495727539     
   5.9845094680786133     
   4.3957467079162598     
  -15.887837886810303     
   1.9291353225708008     
  -4.1858057975769043     
   5.9241991043090820     
  -9.1801056861877441     
  0.81595325469970703     
   6.4945797920227051     
  -6.8236212730407715     
   14.160407543182373     
  -7.2533240318298340     
  0.16225814819335938     
   1.8730697631835938     
  -10.532834529876709     
   3.4008660316467285     
 -0.83746194839477539     
   9.5705900192260742     
  -2.3162503242492676     
   3.5605359077453613     
  -3.2312297821044922     
 -0.47647142410278320     
  -3.2903132438659668     
  -17.461048126220703     
  0.91253566741943359     
   9.7743487358093262     
   2.2756118774414062     
 -0.99460220336914062     
   2.4491267204284668     
   23.301496028900146     
  -12.955924987792969     
  -11.412406444549561     
   8.5100750923156738     
  -2.4286427497863770     
   8.6263079643249512     
 -0.82076025009155273     
   2.3573460578918457     
  -1.2495098114013672     
  0.28340244293212891     
   5.9728875160217285     
   7.1589074134826660     
  -5.4969882965087891     
  -13.106498241424561     
   5.8637232780456543     
  -1.5633015632629395     
  -3.6110167503356934     
  -5.5914735794067383     
